2 
25 
4 
1e-08 
1.353352832366127023e-01
1.353352832366127023e-01
2.718281828459045091e+00
2.718281828459045091e+00
5.436563666918090121e+00 2.729041460080041226e+00 3.370276066977380580e+00 3.383750924277079797e+00 2.881454539658035774e+00 3.569568971987077788e+00 3.291573916562587243e+00 2.718394454926368553e+00 2.919697989322491694e+00 2.718296109647255765e+00 2.754190567460696570e+00 2.718281832652939656e+00 2.721368889432270066e+00 2.719536835676533038e+00 2.718389659569308225e+00 2.718287594827110798e+00 2.718282788879175182e+00 2.718281828469486072e+00 2.718281828554476753e+00 2.718282190799225173e+00 2.718281828459702343e+00 2.718281828566926350e+00 2.718281829695420093e+00 2.718281828459242266e+00 2.718281828483143148e+00
2.729041460080041226e+00 5.436563666918090121e+00 2.718298923641962794e+00 2.718312096370779418e+00 3.781610342733307206e+00 2.754394129372295996e+00 2.718863838445249037e+00 3.283030458468647161e+00 2.737134959751108987e+00 2.860228023620194904e+00 2.728573018171738251e+00 2.721254260213821663e+00 2.720645241624499278e+00 2.718283471030770393e+00 2.718704887029179673e+00 2.718739308131342458e+00 2.718485917349985126e+00 2.718289119029480005e+00 2.718287803338727215e+00 2.718281835694072779e+00 2.718281979090361400e+00 2.718281892444533998e+00 2.718281828459913285e+00 2.718281829904207303e+00 2.718281828714562032e+00
3.370276066977380580e+00 2.718298923641962794e+00 5.436563666918090121e+00 5.320933982278704732e+00 2.720819654373889840e+00 2.912592978879606775e+00 3.660457923112904410e+00 2.718281976342560302e+00 2.774156384645255269e+00 2.718281850786743448e+00 2.727549438881800015e+00 2.718281828460602512e+00 2.719138469036975092e+00 2.728023555178535009e+00 2.718305607889033304e+00 2.718282195405502755e+00 2.718281874114068408e+00 2.718281828459058858e+00 2.718281828459537586e+00 2.718284814696986018e+00 2.718281828459048199e+00 2.718281828469641503e+00 2.718281923096832031e+00 2.718281828459054417e+00 2.718281828486183826e+00
3.383750924277079797e+00 2.718312096370779418e+00 5.320933982278704732e+00 5.436563666918090121e+00 2.722853554319047742e+00 3.028269233252609993e+00 4.084197502229132581e+00 2.718282269581345112e+00 2.828995782517387259e+00 2.718281908940553215e+00 2.740600978913428243e+00 2.718281828467187911e+00 2.720839230973407741e+00 2.742678980438316927e+00 2.718372531844218454e+00 2.718283518155479861e+00 2.718282060500994746e+00 2.718281828459152560e+00 2.718281828462771887e+00 2.718294797871665391e+00 2.718281828459072180e+00 2.718281828542045808e+00 2.718282265269896136e+00 2.718281828459139238e+00 2.718281828670863209e+00
2.881454539658035774e+00 3.781610342733307206e+00 2.720819654373889840e+00 2.722853554319047742e+00 5.436563666918090121e+00 3.469894159063711570e+00 2.774558761276099350e+00 3.005167824173166302e+00 3.265513750882451216e+00 2.815025367955088953e+00 3.047420939698678666e+00 2.719124782024321174e+00 2.813508242666590942e+00 2.719155723090832311e+00 2.735468324596337375e+00 2.726110047848123941e+00 2.721259783763113838e+00 2.718289847772956236e+00 2.718301370363942926e+00 2.718288105883916117e+00 2.718282343016624747e+00 2.718284215227978695e+00 2.718281833341217979e+00 2.718281864802924108e+00 2.718281898160041177e+00
3.569568971987077788e+00 2.754394129372295996e+00 2.912592978879606775e+00 3.028269233252609993e+00 3.469894159063711570e+00 5.436563666918090121e+00 4.070996760160104699e+00 2.723899268282719000e+00 4.746974903141772728e+00 2.720225085741598381e+00 3.710535447085521188e+00 2.718285260952590043e+00 2.981400978572004590e+00 2.777898397477229775e+00 2.750486365163708591e+00 2.722342470840855011e+00 2.719380700308854149e+00 2.718281907303266465e+00 2.718282524207223716e+00 2.718586710419861774e+00 2.718281842242987079e+00 2.718283091575835808e+00 2.718283610758808866e+00 2.718281836587717049e+00 2.718282181295840427e+00
3.291573916562587243e+00 2.718863838445249037e+00 3.660457923112904410e+00 4.084197502229132581e+00 2.774558761276099350e+00 4.070996760160104699e+00 5.436563666918090121e+00 2.718339942656999408e+00 3.729520575640898450e+00 2.718302019156645155e+00 3.137067747823250929e+00 2.718281839220275220e+00 2.820773714358520312e+00 2.965189036838210335e+00 2.727544235089816915e+00 2.718730857423512504e+00 2.718375788742727561e+00 2.718281828916548015e+00 2.718281838854545551e+00 2.719225811875289889e+00 2.718281828623638763e+00 2.718281964596165334e+00 2.718305927693812851e+00 2.718281828916037757e+00 2.718282027602179518e+00
2.718394454926368553e+00 3.283030458468647161e+00 2.718281976342560302e+00 2.718282269581345112e+00 3.005167824173166302e+00 2.723899268282719000e+00 2.718339942656999408e+00 5.436563666918090121e+00 2.729314123423935978e+00 4.891870624134943668e+00 2.737788409297153169e+00 3.109238309462138528e+00 2.734795682457990651e+00 2.718286812492700655e+00 2.731097220425711569e+00 2.758041644337986931e+00 2.749873859366675610e+00 2.730215904070670607e+00 2.727091912382149097e+00 2.718282444845742774e+00 2.719044673860187444e+00 2.718424394375241082e+00 2.718281828583598347e+00 2.718296212939664169e+00 2.718282487216256982e+00
2.919697989322491694e+00 2.737134959751108987e+00 2.774156384645255269e+00 2.828995782517387259e+00 3.265513750882451216e+00 4.746974903141772728e+00 3.729520575640898450e+00 2.729314123423935978e+00 5.436563666918090121e+00 2.724647445745402408e+00 4.900254388672204087e+00 2.718306358125239797e+00 3.735978240532763284e+00 2.941170548054546696e+00 2.946323335434191115e+00 2.758284005715595288e+00 2.731750495195094608e+00 2.718283699755537075e+00 2.718299853912076625e+00 2.723051319657343150e+00 2.718282424998711200e+00 2.718333756857429950e+00 2.718325062713765394e+00 2.718282418683223511e+00 2.718301381473362088e+00
2.718296109647255765e+00 2.860228023620194904e+00 2.718281850786743448e+00 2.718281908940553215e+00 2.815025367955088953e+00 2.720225085741598381e+00 2.718302019156645155e+00 4.891870624134943668e+00 2.724647445745402408e+00 5.436563666918090121e+00 2.735631394724991505e+00 3.682843317421129026e+00 2.742340439471564473e+00 2.718288911478694114e+00 2.749939122249759116e+00 2.849105758793413212e+00 2.844041751573320287e+00 2.802469135779340093e+00 2.785510274731446412e+00 2.718284887927921112e+00 2.727393700997853276e+00 2.719917317381560729e+00 2.718281829368957236e+00 2.718552787311139696e+00 2.718291673000006181e+00
2.754190567460696570e+00 2.728573018171738251e+00 2.727549438881800015e+00 2.740600978913428243e+00 3.047420939698678666e+00 3.710535447085521188e+00 3.137067747823250929e+00 2.737788409297153169e+00 4.900254388672204087e+00 2.735631394724991505e+00 5.436563666918090121e+00 2.718431313819805517e+00 4.783355664603112345e+00 3.049019681404270710e+00 3.519189130163692614e+00 2.926729704647840435e+00 2.805383024654162671e+00 2.718311094564347830e+00 2.718552818464518239e+00 2.742912944162963829e+00 2.718296055664084943e+00 2.719191981781329925e+00 2.718552973339992462e+00 2.718299938335031474e+00 2.718643478670731639e+00
2.718281832652939656e+00 2.721254260213821663e+00 2.718281828460602512e+00 2.718281828467187911e+00 2.719124782024321174e+00 2.718285260952590043e+00 2.718281839220275220e+00 3.109238309462138528e+00 2.718306358125239797e+00 3.682843317421129026e+00 2.718431313819805517e+00 5.436563666918090121e+00 2.718753919655069407e+00 2.718281845850597733e+00 2.720089983121205091e+00 2.744703440570595454e+00 2.760702604644609703e+00 3.412318299894437246e+00 2.994489658128276499e+00 2.718281893699626472e+00 2.808352603123250635e+00 2.720557313935161758e+00 2.718281828468855466e+00 2.719692099597804891e+00 2.718286741733909828e+00
2.721368889432270066e+00 2.720645241624499278e+00 2.719138469036975092e+00 2.720839230973407741e+00 2.813508242666590942e+00 2.981400978572004590e+00 2.820773714358520312e+00 2.734795682457990651e+00 3.735978240532763284e+00 2.742340439471564473e+00 4.783355664603112345e+00 2.718753919655069407e+00 5.436563666918090121e+00 3.085086163718656849e+00 4.641920266576058829e+00 3.446493316746565672e+00 3.099704141154840276e+00 2.718565756344204054e+00 2.720988592899078462e+00 2.828881477523854659e+00 2.718518079859085113e+00 2.730924389646278705e+00 2.719987123627086056e+00 2.718734323583107404e+00 2.724363320601319582e+00
2.719536835676533038e+00 2.718283471030770393e+00 2.728023555178535009e+00 2.742678980438316927e+00 2.719155723090832311e+00 2.777898397477229775e+00 2.965189036838210335e+00 2.718286812492700655e+00 2.941170548054546696e+00 2.718288911478694114e+00 3.049019681404270710e+00 2.718281845850597733e+00 3.085086163718656849e+00 5.436563666918090121e+00 2.867783814670147979e+00 2.729263587082160214e+00 2.721952127310740988e+00 2.718281855976163452e+00 2.718283123159855208e+00 3.175975030316578351e+00 2.718281903310897807e+00 2.718448696955940047e+00 2.801636648832770859e+00 2.718283742347941789e+00 2.719582782178702196e+00
2.718389659569308225e+00 2.718704887029179673e+00 2.718305607889033304e+00 2.718372531844218454e+00 2.735468324596337375e+00 2.750486365163708591e+00 2.727544235089816915e+00 2.731097220425711569e+00 2.946323335434191115e+00 2.749939122249759116e+00 3.519189130163692614e+00 2.720089983121205091e+00 4.641920266576058829e+00 2.867783814670147979e+00 5.436563666918090121e+00 4.502376477431964119e+00 3.957325636130632596e+00 2.721570206604955189e+00 2.746194693042433688e+00 2.929295949006558430e+00 2.722630994964799989e+00 2.854734079660871338e+00 2.721992234115607534e+00 2.728419985264403547e+00 2.780524512969378303e+00
2.718287594827110798e+00 2.718739308131342458e+00 2.718282195405502755e+00 2.718283518155479861e+00 2.726110047848123941e+00 2.722342470840855011e+00 2.718730857423512504e+00 2.758041644337986931e+00 2.758284005715595288e+00 2.849105758793413212e+00 2.926729704647840435e+00 2.744703440570595454e+00 3.446493316746565672e+00 2.729263587082160214e+00 4.502376477431964119e+00 5.436563666918090121e+00 5.266537665588767680e+00 2.780446944406806065e+00 3.008238155903321775e+00 2.760828562561130628e+00 2.788722839571216472e+00 3.193371981572854956e+00 2.718630949733987112e+00 2.794378650279538689e+00 2.800768004658548804e+00
2.718282788879175182e+00 2.718485917349985126e+00 2.718281874114068408e+00 2.718282060500994746e+00 2.721259783763113838e+00 2.719380700308854149e+00 2.718375788742727561e+00 2.749873859366675610e+00 2.731750495195094608e+00 2.844041751573320287e+00 2.805383024654162671e+00 2.760702604644609703e+00 3.099704141154840276e+00 2.721952127310740988e+00 3.957325636130632596e+00 5.266537665588767680e+00 5.436563666918090121e+00 2.857816853972665605e+00 3.283004266873096100e+00 2.743905187601470619e+00 2.891510280312657777e+00 3.481699792988577791e+00 2.718470513045067705e+00 2.888856414260701833e+00 2.827438292250598728e+00
2.718281828469486072e+00 2.718289119029480005e+00 2.718281828459058858e+00 2.718281828459152560e+00 2.718289847772956236e+00 2.718281907303266465e+00 2.718281828916548015e+00 2.730215904070670607e+00 2.718283699755537075e+00 2.802469135779340093e+00 2.718311094564347830e+00 3.412318299894437246e+00 2.718565756344204054e+00 2.718281855976163452e+00 2.721570206604955189e+00 2.780446944406806065e+00 2.857816853972665605e+00 5.436563666918090121e+00 4.678664416186088637e+00 2.718283536788145049e+00 4.376915437020933553e+00 2.817279366767261539e+00 2.718281829664194404e+00 2.866279754077122099e+00 2.719096786662980048e+00
2.718281828554476753e+00 2.718287803338727215e+00 2.718281828459537586e+00 2.718281828462771887e+00 2.718301370363942926e+00 2.718282524207223716e+00 2.718281838854545551e+00 2.727091912382149097e+00 2.718299853912076625e+00 2.785510274731446412e+00 2.718552818464518239e+00 2.994489658128276499e+00 2.720988592899078462e+00 2.718283123159855208e+00 2.746194693042433688e+00 3.008238155903321775e+00 3.283004266873096100e+00 4.678664416186088637e+00 5.436563666918090121e+00 2.718363381502178822e+00 4.849806740594367227e+00 3.278785196896385923e+00 2.718281995097570292e+00 3.304752587817159970e+00 2.733086334113250526e+00
2.718282190799225173e+00 2.718281835694072779e+00 2.718284814696986018e+00 2.718294797871665391e+00 2.718288105883916117e+00 2.718586710419861774e+00 2.719225811875289889e+00 2.718282444845742774e+00 2.723051319657343150e+00 2.718284887927921112e+00 2.742912944162963829e+00 2.718281893699626472e+00 2.828881477523854659e+00 3.175975030316578351e+00 2.929295949006558430e+00 2.760828562561130628e+00 2.743905187601470619e+00 2.718283536788145049e+00 2.718363381502178822e+00 5.436563666918090121e+00 2.718299173991280071e+00 2.739703815732501102e+00 3.778542755719093371e+00 2.719415505251946641e+00 2.962641376978875307e+00
2.718281828459702343e+00 2.718281979090361400e+00 2.718281828459048199e+00 2.718281828459072180e+00 2.718282343016624747e+00 2.718281842242987079e+00 2.718281828623638763e+00 2.719044673860187444e+00 2.718282424998711200e+00 2.727393700997853276e+00 2.718296055664084943e+00 2.808352603123250635e+00 2.718518079859085113e+00 2.718281903310897807e+00 2.722630994964799989e+00 2.788722839571216472e+00 2.891510280312657777e+00 4.376915437020933553e+00 4.849806740594367227e+00 2.718299173991280071e+00 5.436563666918090121e+00 3.197087597663589076e+00 2.718281869493631042e+00 3.634967398897421376e+00 2.730856408684133374e+00
2.718281828566926350e+00 2.718281892444533998e+00 2.718281828469641503e+00 2.718281828542045808e+00 2.718284215227978695e+00 2.718283091575835808e+00 2.718281964596165334e+00 2.718424394375241082e+00 2.718333756857429950e+00 2.719917317381560729e+00 2.719191981781329925e+00 2.720557313935161758e+00 2.730924389646278705e+00 2.718448696955940047e+00 2.854734079660871338e+00 3.193371981572854956e+00 3.481699792988577791e+00 2.817279366767261539e+00 3.278785196896385923e+00 2.739703815732501102e+00 3.197087597663589076e+00 5.436563666918090121e+00 2.718778905628207454e+00 4.488443866643934577e+00 3.662708877640789673e+00
2.718281829695420093e+00 2.718281828459913285e+00 2.718281923096832031e+00 2.718282265269896136e+00 2.718281833341217979e+00 2.718283610758808866e+00 2.718305927693812851e+00 2.718281828583598347e+00 2.718325062713765394e+00 2.718281829368957236e+00 2.718552973339992462e+00 2.718281828468855466e+00 2.719987123627086056e+00 2.801636648832770859e+00 2.721992234115607534e+00 2.718630949733987112e+00 2.718470513045067705e+00 2.718281829664194404e+00 2.718281995097570292e+00 3.778542755719093371e+00 2.718281869493631042e+00 2.718778905628207454e+00 5.436563666918090121e+00 2.718302069302002799e+00 2.758941944429857074e+00
2.718281828459242266e+00 2.718281829904207303e+00 2.718281828459054417e+00 2.718281828459139238e+00 2.718281864802924108e+00 2.718281836587717049e+00 2.718281828916037757e+00 2.718296212939664169e+00 2.718282418683223511e+00 2.718552787311139696e+00 2.718299938335031474e+00 2.719692099597804891e+00 2.718734323583107404e+00 2.718283742347941789e+00 2.728419985264403547e+00 2.794378650279538689e+00 2.888856414260701833e+00 2.866279754077122099e+00 3.304752587817159970e+00 2.719415505251946641e+00 3.634967398897421376e+00 4.488443866643934577e+00 2.718302069302002799e+00 5.436563666918090121e+00 3.097588612580061795e+00
2.718281828483143148e+00 2.718281828714562032e+00 2.718281828486183826e+00 2.718281828670863209e+00 2.718281898160041177e+00 2.718282181295840427e+00 2.718282027602179518e+00 2.718282487216256982e+00 2.718301381473362088e+00 2.718291673000006181e+00 2.718643478670731639e+00 2.718286741733909828e+00 2.724363320601319582e+00 2.719582782178702196e+00 2.780524512969378303e+00 2.800768004658548804e+00 2.827438292250598728e+00 2.719096786662980048e+00 2.733086334113250526e+00 2.962641376978875307e+00 2.730856408684133374e+00 3.662708877640789673e+00 2.758941944429857074e+00 3.097588612580061795e+00 5.436563666918090121e+00
3.057039107538094339e-02 2.389537782001741884e-01
6.830714871650371556e-02 6.875276063634095935e-01
1.162002136446950579e-01 2.690018816338047777e-02
1.509784408307457970e-01 4.646547638701092886e-02
1.660560937260626979e-01 5.299613947997739993e-01
2.202720050600376067e-01 3.198390252273168310e-01
2.573752880225583795e-01 1.643146999853343782e-01
2.846051807869457995e-01 7.913381016739085005e-01
3.210208248479314852e-01 3.436778232833541669e-01
3.727550387156813305e-01 8.118588873066736600e-01
4.018802929733572005e-01 3.825651932236999175e-01
4.753827779423903666e-01 9.774503833625486360e-01
4.969362941332264860e-01 4.146880496932882076e-01
5.534457915172221742e-01 1.497796849017871690e-01
5.929984629420439468e-01 4.733266129589402960e-01
6.246024003923890122e-01 5.934357969325729787e-01
6.554173271120524724e-01 6.310720299609693384e-01
6.981733761854266307e-01 9.580984634614294615e-01
7.382023487180630061e-01 8.562603882660171362e-01
7.920781493453288302e-01 2.409678270008094036e-01
8.205826646329190677e-01 9.023128727755873602e-01
8.697762639638308979e-01 6.549492784967206882e-01
9.064445965771446012e-01 9.465271157893334619e-02
9.504935447416775762e-01 7.508499284166972876e-01
9.648305841051169063e-01 4.826402118910055883e-01
1.229776473267153847e+01
8.476833384001917437e+00
1.229276157630919641e+01
1.065122548146539039e+01
5.178765375871797971e+00
3.413297827878637225e+00
7.189796441548085504e+00
4.908559447610397086e+00
2.392810637289711106e+00
5.012768162073484746e+00
2.490551192649928858e+00
5.195004492127129225e+00
1.656198314647827630e+00
4.694996908362798038e+00
3.777409817365275924e-01
-1.570076128837536888e+00
-1.756222575255049989e+00
2.790039690610852663e+00
2.965720366890062465e+00
3.683952732258305218e+00
4.479165705427789135e+00
1.787449055216746574e+00
7.793649251286812962e+00
4.370130100172088028e+00
3.754517994231487688e+00
